415252547
413346442
433160993
270867858
159899167
433164915
159899132
263323786
270998596
257317325
257317519
159918155
183905214
433240365
371366982
371377469
413488847
433313359
263329799
413495871
433328447
183871578
433364314
415472638
415482147
263336147
183948659
159961289
463231149
257300926
413632002
49669189
257317519
263387911
263387916
159978704
257379436
183969815
257379437
159979649
263390585
159982301
263390591
183976139
257385880
183976140
257385886
263391464
257386204
263391669
183976453
257386207
159983170
263392675
183977761
257390893
257390895
159986071
257390922
159986090
183981177
257392177
183982467
159983170
159986090
257386207
415625197
415482147
413728152
105615758
263431920
463476913
415779174
183905214
159899132
183948659
159961289
257440608
25594532
4574468
160117452
160118852
